depth	min95%	max95%	best	accrate
90	91	110	100	-0.55
91	91	109	100	-0.4
92	90	108	99	-0.24
93	90	108	99	-0.09
94	90	108	99	0.07
95	91	107	99	0.23
96	91	107	99	0.38
97	92	107	99	0.54
98	92	108	100	0.7
99	93	108	101	0.85
100	94	109	102	1.01
101	95	110	103	1.16
102	96	111	104	1.32
103	98	112	105	1.48
104	99	114	107	1.63
105	101	115	108	1.79
106	102	117	110	1.95
107	104	119	112	2.1
108	107	121	114	2.26
109	109	124	116	2.41
110	112	126	119	2.57
111	114	128	121	2.73
112	117	132	124	2.88
113	120	135	127	3.04
114	123	138	130	3.2
115	126	141	133	3.35
116	129	144	136	3.51
117	133	148	140	3.66
118	136	152	144	3.82
119	140	156	147	3.98
120	144	160	151	4.13
121	148	164	156	4.29
122	152	168	160	4.45
123	156	173	164	4.6
124	160	178	169	4.76
125	165	182	174	4.91
126	170	187	179	5.07
127	175	193	184	5.23
128	180	198	189	5.38
129	185	203	194	5.54
130	190	209	200	5.63
131	195	215	205	5.66
132	201	221	211	5.7
133	207	227	217	5.74
134	212	233	223	5.78
135	218	238	228	5.82
136	224	245	234	5.87
137	229	251	240	5.92
138	235	257	246	5.97
139	241	263	252	6.03
140	247	269	258	6.09
141	253	275	264	6.16
142	259	282	270	6.22
143	265	288	276	6.29
144	271	294	283	6.37
145	278	301	289	6.44
146	284	307	295	6.52
147	291	314	302	6.6
148	297	321	309	6.69
149	303	327	315	6.78
150	310	334	322	6.87
151	317	341	329	6.97
152	324	348	336	7.07
153	330	356	343	7.17
154	337	363	350	7.27
155	344	370	357	7.38
156	352	378	365	7.49
157	359	386	372	7.61
158	366	394	380	7.73
159	374	401	388	7.85
160	381	409	395	7.97
161	389	417	403	8.1
162	397	426	412	8.23
163	405	435	420	8.36
164	413	443	428	8.5
165	421	452	437	8.64
166	430	461	445	8.78
167	438	470	454	8.93
168	447	479	463	9.08
169	456	488	472	9.23
170	464	498	481	9.39
171	474	507	491	9.55
172	483	517	500	9.71
173	492	527	510	9.88
174	502	537	520	10.05
175	511	548	530	10.22
176	521	558	540	10.39
177	531	569	551	10.57
178	541	580	561	10.75
179	551	591	572	10.94
180	562	602	583	11.13
181	572	614	594	11.32
182	583	626	605	11.51
183	594	638	617	11.71
184	605	650	628	11.91
185	617	663	640	12.12
186	628	675	652	12.32
187	640	688	665	12.53
188	652	701	677	12.75
189	665	714	690	12.97
190	677	728	703	13.19
191	690	742	716	13.41
192	703	755	730	13.64
193	716	770	743	13.87
194	729	784	757	14.1
195	743	799	771	14.33
196	757	813	786	14.57
197	771	828	800	14.82
198	785	844	815	15.06
199	800	859	830	15.31
200	815	875	845	15.56
201	830	891	861	15.82
202	845	907	877	16.08
203	861	924	893	16.34
204	876	941	909	16.6
205	892	958	926	16.87
206	909	975	943	17.14
207	925	992	960	17.42
208	942	1010	977	17.69
209	959	1029	995	17.98
210	977	1047	1013	18.26
211	994	1066	1031	18.55
212	1012	1085	1050	18.84
213	1031	1104	1068	19.13
214	1049	1124	1088	19.43
215	1068	1144	1107	19.73
216	1087	1164	1127	20.03
217	1107	1185	1147	20.34
218	1127	1205	1167	20.65
219	1147	1226	1188	20.96
220	1168	1248	1209	21.28
221	1189	1270	1230	21.59
222	1210	1292	1252	21.92
223	1231	1314	1274	22.24
224	1253	1337	1296	22.57
225	1276	1360	1318	22.9
226	1298	1383	1341	23.24
227	1321	1406	1364	23.58
228	1344	1430	1388	23.92
229	1368	1455	1412	24.26
230	1392	1479	1436	24.61
231	1416	1504	1461	24.96
232	1441	1530	1486	25.32
233	1466	1555	1511	25.67
234	1491	1581	1537	26.03
235	1517	1608	1563	26.4
236	1543	1634	1589	26.77
237	1569	1661	1616	27.14
238	1596	1689	1643	27.51
239	1624	1717	1671	27.89
240	1651	1745	1699	28.27
241	1679	1773	1727	28.65
242	1708	1802	1755	29.04
243	1737	1832	1784	29.42
244	1766	1861	1814	29.82
245	1795	1891	1844	30.21
246	1826	1922	1874	30.61
247	1856	1952	1905	31.01
248	1887	1983	1936	31.42
249	1918	2015	1967	31.83
250	1950	2047	1999	32.45
251	1982	2079	2031	33.27
252	2016	2113	2065	34.08
253	2050	2147	2099	34.88
254	2084	2181	2134	35.67
255	2120	2217	2169	36.45
256	2156	2253	2206	37.22
257	2194	2291	2243	37.98
258	2232	2329	2281	38.72
259	2270	2367	2320	39.46
260	2310	2407	2359	40.18
261	2350	2447	2399	40.89
262	2391	2488	2440	41.6
263	2432	2530	2482	42.29
264	2475	2573	2524	42.97
265	2517	2616	2567	43.64
266	2561	2660	2611	44.29
267	2605	2704	2655	44.94
268	2650	2749	2700	45.58
269	2695	2795	2745	46.2
270	2741	2841	2792	46.82
271	2788	2888	2838	47.42
272	2836	2935	2886	48.01
273	2883	2984	2934	48.59
274	2932	3032	2982	49.16
275	2981	3082	3032	49.72
276	3031	3132	3081	50.27
277	3081	3182	3132	50.81
278	3132	3233	3182	51.33
279	3183	3284	3234	51.85
280	3235	3336	3286	52.35
281	3287	3388	3338	52.84
282	3340	3441	3391	53.32
283	3393	3494	3444	53.8
284	3446	3548	3498	54.26
285	3501	3602	3552	54.7
286	3555	3657	3607	55.14
287	3609	3713	3662	55.57
288	3663	3769	3718	55.99
289	3718	3825	3774	56.39
290	3773	3882	3830	56.78
291	3831	3939	3887	57.17
292	3888	3997	3944	57.54
293	3945	4055	4001	57.9
294	4002	4113	4059	58.25
295	4059	4171	4118	58.59
296	4117	4230	4176	58.92
297	4175	4290	4235	59.23
298	4233	4350	4294	59.54
299	4292	4410	4354	59.84
300	4350	4470	4414	60.12
301	4409	4531	4474	60.39
302	4468	4592	4534	60.65
303	4528	4652	4595	60.91
304	4587	4714	4656	61.15
305	4648	4777	4717	61.37
306	4709	4839	4778	61.59
307	4770	4902	4840	61.8
308	4832	4964	4902	62
309	4893	5027	4964	62.18
310	4955	5091	5026	62.36
311	5017	5154	5088	62.52
312	5078	5217	5151	62.67
313	5140	5281	5213	62.81
314	5202	5345	5276	62.94
315	5264	5409	5339	63.06
316	5326	5473	5402	63.17
317	5389	5536	5465	63.27
318	5452	5601	5529	63.35
319	5515	5665	5592	63.43
320	5578	5730	5655	63.49
321	5641	5794	5719	63.54
322	5703	5859	5782	63.59
323	5765	5923	5846	63.62
324	5827	5988	5910	63.64
325	5889	6053	5973	63.65
326	5953	6117	6037	63.65
327	6015	6182	6101	63.63
328	6078	6247	6164	63.61
329	6141	6311	6228	63.57
330	6204	6375	6291	63.53
331	6266	6440	6355	63.47
332	6329	6504	6418	63.4
333	6391	6568	6482	63.32
334	6454	6632	6545	63.23
335	6516	6696	6608	63.13
336	6578	6759	6671	63.02
337	6641	6823	6735	62.9
338	6704	6887	6797	62.77
339	6766	6950	6860	62.62
340	6828	7013	6923	62.46
341	6890	7076	6985	62.3
342	6952	7139	7048	62.12
343	7015	7202	7110	61.93
344	7076	7264	7172	61.73
345	7137	7326	7233	61.52
346	7199	7388	7295	61.3
347	7260	7449	7356	61.07
348	7320	7511	7417	60.82
349	7381	7572	7478	60.57
350	7441	7632	7539	60.3
351	7502	7693	7599	60.03
352	7562	7753	7659	59.74
353	7621	7813	7719	59.44
354	7681	7872	7778	59.13
355	7740	7931	7837	58.81
356	7799	7990	7896	58.48
357	7858	8048	7955	58.13
358	7916	8106	8013	57.78
359	7974	8163	8070	57.42
360	8032	8220	8128	57.04
361	8090	8277	8185	56.65
362	8147	8333	8242	56.26
363	8203	8389	8298	55.85
364	8259	8444	8354	55.43
365	8315	8499	8409	55
366	8370	8554	8464	54.56
367	8425	8607	8519	54.1
368	8480	8661	8573	53.64
369	8535	8713	8626	53.16
370	8589	8766	8680	52.68
371	8643	8817	8732	52.18
372	8696	8869	8784	51.67
373	8749	8920	8836	51.16
374	8802	8970	8887	50.63
375	8854	9019	8938	50.09
376	8905	9068	8988	49.53
377	8956	9116	9037	48.97
378	9007	9164	9086	48.4
379	9057	9211	9135	47.81
380	9106	9257	9183	47.22
381	9154	9302	9230	46.61
382	9202	9347	9277	45.99
383	9249	9392	9322	45.36
384	9296	9436	9368	44.73
385	9342	9479	9413	44.07
386	9388	9521	9457	43.41
387	9432	9563	9500	42.74
388	9477	9604	9543	42.06
389	9520	9644	9585	41.36
390	9562	9684	9626	40.66
391	9606	9724	9667	39.94
392	9647	9762	9707	39.21
393	9688	9800	9746	38.47
394	9728	9837	9785	37.72
395	9768	9875	9822	36.96
396	9805	9911	9859	36.19
397	9842	9946	9895	35.41
398	9878	9980	9931	34.62
399	9915	10014	9965	33.81
400	9949	10048	9999	33.09
401	9981	10080	10032	32.46
402	10014	10114	10065	31.85
403	10044	10145	10097	31.25
404	10074	10177	10128	30.65
405	10103	10208	10159	30.07
406	10131	10240	10189	29.5
407	10161	10272	10218	28.94
408	10187	10303	10247	28.4
409	10212	10335	10275	27.86
410	10238	10366	10303	27.33
411	10263	10397	10331	26.82
412	10286	10428	10357	26.32
413	10309	10460	10384	25.82
414	10331	10490	10410	25.34
415	10353	10521	10435	24.87
416	10373	10551	10460	24.41
417	10392	10580	10484	23.97
418	10412	10609	10508	23.53
419	10429	10638	10532	23.11
420	10445	10668	10555	22.69
421	10462	10697	10578	22.29
422	10479	10725	10600	21.9
423	10495	10754	10622	21.52
424	10510	10780	10643	21.15
425	10526	10808	10664	20.79
426	10540	10834	10685	20.44
427	10554	10860	10706	20.1
428	10568	10886	10726	19.78
429	10580	10913	10745	19.46
430	10592	10937	10765	19.16
431	10603	10965	10784	18.87
432	10612	10991	10803	18.59
433	10625	11018	10822	18.32
434	10637	11043	10840	18.06
435	10648	11068	10858	17.81
436	10658	11092	10876	17.58
437	10668	11118	10893	17.35
438	10678	11143	10911	17.14
439	10686	11167	10928	16.94
440	10695	11192	10945	16.75
441	10704	11216	10962	16.57
442	10714	11240	10978	16.4
443	10723	11264	10994	16.24
444	10731	11288	11011	16.09
445	10740	11312	11027	15.96
446	10748	11336	11043	15.83
447	10756	11359	11059	15.72
448	10764	11383	11074	15.61
449	10772	11406	11090	15.52
450	10778	11430	11105	15.44
451	10785	11453	11121	15.37
452	10792	11476	11136	15.32
453	10798	11499	11152	15.27
454	10805	11522	11167	15.23
455	10812	11545	11182	15.21
456	10820	11568	11197	15.2
457	10828	11591	11213	15.19
458	10835	11613	11228	15.2
459	10843	11635	11243	15.22
460	10851	11658	11258	15.25
461	10860	11681	11273	15.3
462	10868	11703	11289	15.35
463	10876	11726	11304	15.41
464	10885	11749	11319	15.49
465	10893	11771	11335	15.58
466	10902	11794	11350	15.67
467	10911	11817	11366	15.78
468	10921	11839	11382	15.9
469	10930	11862	11398	16.03
470	10940	11885	11414	16.18
471	10950	11908	11430	16.33
472	10960	11931	11446	16.49
473	10971	11953	11463	16.67
474	10982	11976	11480	16.86
475	10993	11999	11496	17.06
476	11004	12022	11513	17.26
477	11016	12046	11531	17.49
478	11028	12069	11548	17.72
479	11041	12092	11566	17.96
480	11054	12115	11584	18.21
481	11067	12138	11602	18.48
482	11081	12162	11621	18.75
483	11095	12185	11639	19.04
484	11110	12209	11658	19.34
485	11125	12233	11678	19.65
486	11139	12258	11697	19.97
487	11155	12283	11717	20.3
488	11170	12308	11738	20.64
489	11187	12333	11758	21
490	11203	12358	11779	21.36
491	11221	12383	11801	21.74
492	11240	12408	11822	22.13
493	11259	12434	11845	22.52
494	11279	12459	11867	22.93
495	11300	12485	11890	23.35
496	11322	12511	11913	23.79
497	11345	12538	11937	24.23
498	11368	12564	11961	24.68
499	11390	12591	11986	25.15
500	11413	12618	12011	25.44
501	11436	12647	12037	25.54
502	11460	12674	12062	25.65
503	11484	12700	12088	25.75
504	11508	12727	12114	25.86
505	11532	12754	12139	25.96
506	11557	12781	12165	26.07
507	11582	12807	12191	26.18
508	11608	12834	12218	26.28
509	11633	12861	12244	26.39
510	11659	12887	12270	26.49
511	11685	12914	12297	26.6
512	11712	12941	12323	26.7
513	11740	12968	12350	26.81
514	11768	12994	12377	26.91
515	11796	13021	12404	27.02
516	11824	13048	12431	27.12
517	11851	13075	12458	27.23
518	11879	13104	12485	27.33
519	11906	13134	12513	27.44
520	11934	13164	12540	27.54
521	11963	13192	12567	27.65
522	11991	13221	12595	27.76
523	12020	13252	12623	27.86
524	12048	13282	12651	27.97
525	12075	13312	12679	28.07
526	12104	13339	12707	28.18
527	12133	13365	12735	28.28
528	12162	13392	12763	28.39
529	12188	13418	12792	28.49
530	12214	13445	12820	28.6
531	12241	13474	12849	28.7
532	12268	13502	12877	28.81
533	12299	13527	12906	28.91
534	12326	13553	12935	29.02
535	12354	13580	12964	29.12
536	12383	13609	12993	29.23
537	12412	13638	13023	29.33
538	12440	13668	13052	29.44
539	12468	13697	13081	29.55
540	12497	13726	13111	29.65
541	12525	13755	13140	29.76
542	12554	13783	13170	29.86
543	12584	13809	13200	29.97
544	12613	13838	13230	30.07
545	12642	13867	13260	30.18
546	12672	13897	13290	30.28
547	12702	13928	13321	30.39
548	12734	13956	13351	30.49
549	12763	13984	13381	30.6
550	12795	14013	13412	30.7
551	12825	14043	13443	30.81
552	12858	14072	13474	30.91
553	12893	14102	13505	31.02
554	12925	14132	13536	31.13
555	12958	14162	13567	31.23
556	12993	14189	13598	31.34
557	13026	14219	13629	31.44
558	13059	14249	13661	31.55
559	13091	14284	13692	31.65
560	13123	14315	13724	31.76
561	13157	14348	13756	31.86
562	13191	14377	13787	31.97
563	13225	14408	13819	32.07
564	13260	14437	13852	32.18
565	13291	14468	13884	32.28
566	13325	14499	13916	32.39
567	13363	14531	13948	32.49
568	13399	14564	13981	32.6
569	13435	14595	14013	32.71
570	13470	14627	14046	32.81
571	13506	14660	14079	32.92
572	13542	14694	14112	33.02
573	13578	14725	14145	33.13
574	13613	14755	14178	33.23
575	13646	14789	14211	33.34
576	13680	14827	14245	33.44
577	13714	14862	14278	33.55
578	13748	14895	14312	33.65
579	13780	14929	14345	33.76
580	13817	14962	14379	33.86
581	13851	14996	14413	33.97
582	13886	15029	14447	34.07
583	13920	15060	14481	34.18
584	13955	15088	14515	34.29
585	13994	15117	14549	34.39
586	14030	15145	14584	34.5
587	14063	15174	14618	34.6
588	14099	15207	14653	34.71
589	14131	15245	14688	34.81
590	14172	15282	14722	34.92
591	14210	15314	14757	35.02
592	14242	15348	14792	35.13
593	14277	15380	14827	35.23
594	14311	15416	14863	35.34
595	14347	15453	14898	35.44
596	14382	15490	14933	35.55
597	14413	15528	14969	35.65
598	14450	15568	15005	35.76
599	14485	15603	15040	35.86
600	14519	15640	15076	35.97
601	14551	15677	15112	36.08
602	14585	15715	15148	36.18
603	14614	15753	15185	36.29
604	14647	15791	15221	36.39
605	14681	15829	15257	36.5
606	14714	15869	15294	36.6
607	14744	15909	15330	36.71
608	14774	15946	15367	36.81
609	14804	15987	15404	36.92
610	14842	16028	15441	37.02
611	14881	16069	15478	37.13
612	14908	16106	15515	37.23
613	14939	16140	15552	37.34
614	14978	16177	15589	37.44
615	15019	16214	15627	37.55
616	15060	16251	15664	37.66
617	15100	16292	15702	37.76
618	15135	16336	15740	37.87
619	15162	16376	15778	37.97
620	15193	16422	15816	38.08
621	15230	16468	15854	38.18
622	15267	16513	15892	38.29
623	15304	16557	15930	38.39
624	15342	16601	15969	38.5
625	15379	16643	16007	38.6
626	15415	16684	16046	38.71
627	15452	16725	16084	38.81
628	15485	16766	16123	38.92
629	15520	16809	16162	39.02
630	15553	16848	16201	39.13
631	15585	16887	16240	39.24
632	15617	16931	16280	39.34
633	15649	16973	16319	39.45
634	15681	17014	16358	39.55
635	15719	17055	16398	39.66
636	15752	17097	16438	39.76
637	15779	17140	16477	39.87
638	15813	17182	16517	39.97
639	15857	17226	16557	40.08
640	15901	17278	16597	40.18
641	15938	17330	16637	40.29
642	15970	17381	16678	40.39
643	16002	17438	16718	40.5
644	16034	17485	16759	40.6
645	16065	17536	16799	40.71
646	16097	17585	16840	40.81
647	16128	17630	16881	40.92
648	16160	17672	16922	41.03
649	16190	17713	16963	41.13
650	16224	17758	17004	NA
