depth	min95%	max95%	best	accrate
90	90	108	99	0.4
91	90	108	99	0.5
92	91	108	100	0.61
93	91	109	100	0.72
94	92	109	101	0.83
95	93	110	102	0.93
96	94	111	103	1.04
97	95	112	104	1.15
98	96	113	105	1.26
99	98	114	106	1.37
100	99	116	108	1.48
101	101	117	109	1.59
102	102	119	111	1.7
103	104	121	112	1.81
104	106	122	114	1.92
105	108	124	116	2.03
106	110	126	118	2.14
107	112	129	120	2.26
108	114	131	123	2.37
109	117	133	125	2.48
110	119	136	127	2.59
111	122	138	130	2.71
112	125	141	133	2.82
113	127	144	136	2.93
114	131	147	139	3.05
115	134	150	142	3.16
116	137	153	145	3.28
117	140	156	148	3.39
118	144	160	151	3.51
119	147	163	155	3.62
120	151	167	159	3.74
121	155	171	162	3.86
122	158	175	166	3.97
123	162	179	170	4.09
124	166	183	174	4.21
125	170	187	178	4.32
126	174	192	183	4.44
127	178	196	187	4.56
128	183	201	192	4.68
129	187	206	196	4.8
130	192	211	201	4.92
131	197	216	206	5.04
132	202	221	211	5.16
133	207	227	216	5.28
134	212	232	222	5.41
135	217	238	227	5.53
136	222	244	233	5.66
137	227	250	238	5.79
138	233	256	244	5.92
139	238	262	250	6.05
140	244	269	256	6.18
141	250	275	262	6.31
142	256	282	268	6.44
143	262	289	275	6.58
144	268	297	281	6.71
145	274	304	288	6.85
146	280	311	295	6.99
147	287	319	302	7.13
148	293	327	309	7.27
149	300	335	316	7.41
150	306	343	324	7.55
151	313	352	331	7.7
152	320	360	339	7.84
153	327	369	347	7.99
154	335	377	355	8.14
155	342	386	363	8.29
156	350	395	371	8.44
157	358	404	380	8.59
158	365	414	388	8.74
159	373	423	397	8.89
160	381	433	406	9.05
161	390	443	415	9.21
162	398	453	424	9.36
163	407	463	434	9.52
164	416	474	443	9.68
165	425	484	453	9.84
166	434	495	463	10
167	443	506	473	10.17
168	452	517	483	10.33
169	462	529	493	10.5
170	472	540	504	10.66
171	481	552	514	10.83
172	491	563	525	11
173	501	575	536	11.17
174	512	588	547	11.34
175	522	600	559	11.52
176	533	613	570	11.69
177	544	625	582	11.87
178	555	638	594	12.04
179	566	651	606	12.22
180	577	664	618	12.4
181	589	677	630	12.58
182	600	691	643	12.76
183	612	704	656	12.94
184	624	718	669	13.13
185	637	732	682	13.31
186	649	746	695	13.5
187	662	760	709	13.68
188	675	775	722	13.87
189	689	789	736	14.06
190	702	804	750	14.25
191	715	819	764	14.44
192	729	835	779	14.64
193	743	850	794	14.83
194	757	866	808	15.03
195	771	881	823	15.22
196	786	897	839	15.42
197	800	914	854	15.62
198	815	930	870	15.82
199	830	947	886	16.02
200	845	963	902	16.22
201	860	980	918	16.43
202	876	997	934	16.63
203	892	1014	951	16.84
204	908	1032	968	17.04
205	924	1050	985	17.25
206	940	1068	1002	17.46
207	957	1086	1019	17.67
208	974	1104	1037	17.89
209	991	1123	1055	18.1
210	1008	1142	1073	18.31
211	1026	1161	1091	18.53
212	1044	1180	1110	18.75
213	1062	1199	1129	18.96
214	1080	1219	1148	19.18
215	1099	1239	1167	19.4
216	1117	1259	1186	19.62
217	1136	1279	1206	19.85
218	1156	1300	1226	20.07
219	1175	1321	1246	20.3
220	1195	1342	1266	20.52
221	1215	1363	1287	20.75
222	1235	1384	1307	20.98
223	1256	1406	1328	21.21
224	1276	1428	1349	21.44
225	1297	1450	1371	21.67
226	1318	1472	1393	21.9
227	1339	1495	1414	22.14
228	1360	1518	1437	22.37
229	1382	1541	1459	22.61
230	1404	1564	1482	22.85
231	1427	1587	1504	23.09
232	1450	1611	1528	23.33
233	1473	1635	1551	23.57
234	1496	1659	1574	23.81
235	1519	1683	1598	24.06
236	1542	1708	1622	24.3
237	1566	1733	1647	24.55
238	1590	1758	1671	24.8
239	1614	1783	1696	25.05
240	1639	1809	1721	25.3
241	1664	1835	1746	25.55
242	1689	1861	1772	25.8
243	1714	1887	1798	26.05
244	1741	1914	1824	26.31
245	1767	1941	1850	26.56
246	1794	1968	1877	26.82
247	1820	1995	1903	27.08
248	1847	2022	1930	27.34
249	1874	2050	1958	27.6
250	1901	2078	1985	27.86
251	1929	2107	2013	28.12
252	1957	2135	2041	28.38
253	1985	2164	2070	28.64
254	2013	2193	2098	28.89
255	2041	2222	2127	29.14
256	2070	2251	2156	29.39
257	2099	2281	2186	29.64
258	2129	2310	2215	29.89
259	2158	2341	2245	30.13
260	2188	2371	2276	30.37
261	2218	2402	2306	30.61
262	2248	2433	2337	30.85
263	2278	2464	2367	31.09
264	2308	2496	2398	31.33
265	2339	2528	2430	31.56
266	2370	2561	2461	31.79
267	2400	2594	2493	32.02
268	2431	2627	2525	32.25
269	2463	2660	2557	32.47
270	2495	2692	2590	32.69
271	2529	2725	2623	32.92
272	2561	2758	2655	33.14
273	2592	2792	2689	33.35
274	2624	2826	2722	33.57
275	2657	2861	2756	33.78
276	2691	2897	2789	33.99
277	2724	2932	2823	34.2
278	2758	2967	2858	34.41
279	2792	3003	2892	34.62
280	2826	3038	2927	34.82
281	2860	3073	2961	35.02
282	2894	3109	2996	35.23
283	2929	3145	3032	35.42
284	2964	3181	3067	35.62
285	2999	3218	3103	35.81
286	3035	3256	3138	36.01
287	3070	3293	3174	36.2
288	3105	3330	3211	36.39
289	3141	3367	3247	36.57
290	3177	3405	3284	36.76
291	3213	3443	3320	36.94
292	3248	3481	3357	37.12
293	3285	3519	3394	37.3
294	3321	3557	3432	37.48
295	3358	3595	3469	37.65
296	3394	3633	3507	37.83
297	3431	3672	3545	38
298	3468	3713	3583	38.17
299	3506	3752	3621	38.34
300	3543	3792	3659	38.5
301	3580	3832	3698	38.67
302	3618	3871	3736	38.83
303	3656	3911	3775	38.99
304	3693	3950	3814	39.14
305	3730	3989	3853	39.3
306	3767	4030	3893	39.46
307	3805	4071	3932	39.61
308	3843	4111	3972	39.76
309	3881	4152	4011	39.91
310	3920	4193	4051	40.05
311	3959	4235	4091	40.2
312	3998	4276	4132	40.34
313	4038	4318	4172	40.48
314	4077	4360	4212	40.62
315	4116	4401	4253	40.76
316	4156	4443	4294	40.89
317	4196	4485	4335	41.02
318	4236	4527	4376	41.15
319	4276	4569	4417	41.28
320	4316	4611	4458	41.41
321	4355	4654	4500	41.54
322	4394	4696	4541	41.66
323	4434	4739	4583	41.78
324	4473	4782	4625	41.9
325	4513	4825	4666	42.02
326	4554	4868	4708	42.13
327	4595	4912	4751	42.25
328	4636	4955	4793	42.36
329	4677	4998	4835	42.47
330	4718	5042	4878	42.58
331	4760	5085	4920	42.68
332	4801	5129	4963	42.79
333	4842	5173	5006	42.89
334	4884	5216	5049	42.99
335	4926	5260	5092	43.09
336	4968	5303	5135	43.18
337	5010	5347	5178	43.28
338	5053	5391	5221	43.37
339	5095	5435	5265	43.46
340	5138	5480	5308	43.55
341	5181	5524	5352	43.64
342	5223	5569	5395	43.72
343	5266	5613	5439	43.8
344	5310	5658	5483	43.89
345	5353	5703	5527	43.96
346	5396	5748	5571	44.04
347	5440	5794	5615	44.12
348	5483	5840	5659	44.19
349	5527	5886	5703	44.26
350	5570	5932	5747	44.33
351	5613	5978	5791	44.4
352	5656	6024	5836	44.46
353	5700	6070	5880	44.53
354	5743	6115	5925	44.59
355	5786	6160	5969	44.65
356	5830	6204	6014	44.71
357	5874	6248	6059	44.76
358	5917	6292	6104	44.82
359	5961	6336	6148	44.87
360	6005	6382	6193	44.92
361	6049	6428	6238	44.97
362	6093	6475	6283	45.01
363	6137	6521	6328	45.06
364	6181	6567	6373	45.1
365	6226	6613	6418	45.14
366	6270	6659	6463	45.18
367	6315	6706	6509	45.22
368	6359	6752	6554	45.25
369	6405	6797	6599	45.28
370	6451	6841	6644	45.32
371	6496	6886	6690	45.34
372	6541	6930	6735	45.37
373	6587	6974	6780	45.4
374	6632	7017	6826	45.42
375	6678	7062	6871	45.44
376	6725	7108	6917	45.46
377	6772	7153	6962	45.48
378	6819	7198	7008	45.49
379	6864	7243	7053	45.51
380	6909	7288	7099	45.52
381	6954	7334	7144	45.53
382	7001	7381	7190	45.54
383	7047	7427	7235	45.54
384	7092	7472	7281	45.55
385	7138	7517	7326	45.55
386	7184	7561	7372	45.55
387	7231	7604	7417	45.55
388	7277	7648	7463	45.54
389	7323	7694	7509	45.54
390	7369	7739	7554	45.53
391	7417	7784	7600	45.52
392	7464	7828	7645	45.51
393	7512	7874	7691	45.5
394	7558	7919	7736	45.48
395	7604	7965	7782	45.46
396	7650	8010	7827	45.44
397	7695	8055	7872	45.42
398	7740	8101	7918	45.4
399	7785	8147	7963	45.38
400	7831	8191	8009	45.35
401	7877	8234	8054	45.32
402	7923	8277	8099	45.3
403	7970	8322	8145	45.27
404	8015	8369	8190	45.25
405	8058	8415	8235	45.22
406	8102	8462	8280	45.2
407	8146	8508	8326	45.17
408	8192	8556	8371	45.15
409	8236	8602	8416	45.12
410	8280	8647	8461	45.1
411	8323	8692	8506	45.08
412	8367	8738	8551	45.06
413	8410	8785	8596	45.03
414	8452	8831	8641	45.01
415	8495	8877	8686	44.99
416	8538	8922	8731	44.97
417	8581	8965	8776	44.95
418	8626	9009	8821	44.93
419	8670	9053	8866	44.91
420	8713	9097	8911	44.89
421	8754	9143	8956	44.87
422	8796	9188	9001	44.85
423	8842	9232	9046	44.83
424	8886	9278	9090	44.81
425	8928	9323	9135	44.79
426	8970	9370	9180	44.78
427	9013	9416	9225	44.76
428	9054	9464	9270	44.74
429	9099	9513	9314	44.73
430	9144	9561	9359	44.71
431	9185	9608	9404	44.69
432	9225	9653	9449	44.68
433	9268	9700	9493	44.66
434	9309	9745	9538	44.65
435	9351	9790	9582	44.63
436	9391	9837	9627	44.62
437	9429	9884	9672	44.61
438	9469	9932	9716	44.59
439	9511	9979	9761	44.58
440	9553	10026	9806	44.57
441	9595	10073	9850	44.56
442	9635	10122	9895	44.54
443	9677	10171	9939	44.53
444	9719	10219	9984	44.52
445	9761	10267	10028	44.51
446	9803	10313	10073	44.5
447	9845	10362	10117	44.49
448	9886	10410	10162	44.48
449	9926	10458	10206	44.47
450	9965	10506	10251	44.46
451	10006	10554	10295	44.45
452	10047	10602	10340	44.44
453	10087	10650	10384	44.43
454	10128	10698	10428	44.43
455	10166	10746	10473	44.42
456	10206	10794	10517	44.41
457	10243	10845	10562	44.41
458	10279	10893	10606	44.4
459	10315	10940	10651	44.39
460	10354	10987	10695	44.39
461	10394	11034	10739	44.38
462	10434	11081	10784	44.38
463	10475	11128	10828	44.37
464	10516	11175	10872	44.37
465	10558	11222	10917	44.37
466	10599	11271	10961	44.36
467	10640	11320	11006	44.36
468	10681	11371	11050	44.36
469	10722	11421	11094	44.35
470	10762	11469	11139	44.35
471	10803	11519	11183	44.35
472	10843	11568	11227	44.35
473	10883	11616	11272	44.35
474	10924	11663	11316	44.35
475	10965	11713	11360	44.35
476	11006	11762	11405	44.35
477	11045	11812	11449	44.35
478	11085	11862	11493	44.35
479	11125	11911	11538	44.35
480	11164	11961	11582	44.35
481	11204	12011	11626	44.35
482	11244	12061	11671	44.35
483	11284	12111	11715	44.36
484	11324	12161	11760	44.36
485	11364	12210	11804	44.36
486	11405	12259	11848	44.37
487	11445	12308	11893	44.37
488	11485	12356	11937	44.37
489	11525	12404	11981	44.38
490	11566	12452	12026	44.38
491	11606	12500	12070	44.39
492	11647	12548	12115	44.4
493	11687	12597	12159	44.4
494	11724	12646	12203	44.41
495	11762	12694	12248	44.41
496	11799	12742	12292	44.42
497	11836	12791	12337	44.43
498	11875	12839	12381	44.44
499	11913	12887	12425	44.45
500	11952	12935	12470	44.45
501	11992	12985	12514	44.46
502	12032	13035	12559	44.47
503	12073	13084	12603	44.48
504	12114	13133	12648	44.48
505	12157	13183	12692	44.49
506	12199	13232	12737	44.5
507	12242	13280	12781	44.5
508	12286	13328	12826	44.51
509	12329	13375	12870	44.52
510	12373	13426	12915	44.52
511	12416	13477	12959	44.53
512	12458	13527	13004	44.53
513	12502	13578	13048	44.54
514	12545	13629	13093	44.54
515	12590	13678	13137	44.54
516	12632	13725	13182	44.55
517	12673	13771	13226	44.55
518	12714	13816	13271	44.55
519	12757	13861	13316	44.56
520	12798	13907	13360	44.56
521	12838	13954	13405	44.56
522	12879	14000	13449	44.56
523	12922	14046	13494	44.56
524	12964	14093	13538	44.57
525	13007	14143	13583	44.57
526	13049	14193	13628	44.57
527	13089	14240	13672	44.57
528	13131	14286	13717	44.57
529	13173	14335	13761	44.57
530	13215	14383	13806	44.57
531	13257	14431	13850	44.56
532	13298	14479	13895	44.56
533	13341	14527	13939	44.56
534	13384	14574	13984	44.56
535	13426	14620	14029	44.56
536	13467	14666	14073	44.55
537	13509	14713	14118	44.55
538	13550	14762	14162	44.55
539	13592	14811	14207	44.55
540	13634	14860	14251	44.54
541	13675	14909	14296	44.54
542	13717	14959	14340	44.53
543	13759	15008	14385	44.53
544	13799	15055	14430	44.52
545	13838	15104	14474	44.52
546	13881	15154	14519	44.51
547	13923	15203	14563	44.51
548	13964	15250	14608	44.5
549	14004	15297	14652	44.49
550	14044	15346	14697	44.49
551	14084	15396	14741	44.48
552	14125	15445	14786	44.47
553	14163	15494	14830	44.46
554	14202	15543	14874	44.46
555	14241	15593	14919	44.45
556	14280	15641	14963	44.44
557	14320	15687	15008	44.43
558	14361	15733	15052	44.42
559	14402	15781	15097	44.41
560	14443	15826	15141	44.4
561	14483	15876	15185	44.39
562	14524	15925	15230	44.38
563	14565	15973	15274	44.37
564	14606	16018	15319	44.36
565	14647	16063	15363	44.35
566	14686	16112	15407	44.33
567	14729	16163	15452	44.32
568	14771	16212	15496	44.31
569	14813	16260	15540	44.3
570	14855	16307	15585	44.28
571	14899	16352	15629	44.27
572	14941	16397	15673	44.26
573	14982	16442	15717	44.24
574	15024	16494	15762	44.23
575	15063	16547	15806	44.21
576	15102	16595	15850	44.2
577	15146	16638	15894	44.18
578	15191	16680	15938	44.17
579	15235	16723	15983	44.15
580	15278	16770	16027	44.14
581	15318	16820	16071	44.12
582	15353	16870	16115	44.1
583	15388	16920	16159	44.09
584	15426	16970	16203	44.07
585	15468	17020	16247	44.05
586	15512	17070	16291	44.03
587	15554	17117	16335	44.02
588	15594	17163	16379	44
589	15636	17209	16423	43.98
590	15678	17254	16467	43.96
591	15721	17300	16511	43.94
592	15764	17346	16555	43.92
593	15807	17396	16599	43.9
594	15851	17444	16643	43.88
595	15894	17492	16687	43.86
596	15939	17540	16731	43.84
597	15984	17589	16775	43.82
598	16031	17637	16818	43.79
599	16077	17685	16862	43.77
600	16115	17732	16906	43.75
601	16153	17782	16950	43.73
602	16188	17830	16994	43.7
603	16227	17877	17037	43.68
604	16270	17925	17081	43.66
605	16312	17973	17125	43.63
606	16349	18023	17168	43.61
607	16383	18075	17212	43.58
608	16416	18127	17255	43.56
609	16452	18178	17299	43.53
610	16484	18228	17342	43.51
611	16516	18278	17386	43.48
612	16547	18329	17429	43.46
613	16573	18379	17473	43.43
614	16604	18429	17516	43.4
615	16635	18485	17560	43.38
616	16668	18540	17603	43.35
617	16705	18602	17646	43.32
618	16747	18664	17690	43.3
619	16782	18713	17733	43.27
620	16816	18760	17776	43.24
621	16846	18815	17820	43.21
622	16876	18874	17863	43.18
623	16905	18932	17906	43.15
624	16931	18985	17949	43.12
625	16951	19041	17992	43.09
626	16971	19094	18035	43.06
627	16992	19145	18078	43.03
628	17015	19196	18121	43
629	17054	19248	18164	42.97
630	17097	19307	18207	42.94
631	17119	19363	18250	42.91
632	17132	19420	18293	42.87
633	17148	19474	18336	42.84
634	17171	19525	18379	42.81
635	17198	19574	18422	42.77
636	17216	19630	18465	42.74
637	17236	19686	18507	42.71
638	17258	19743	18550	42.67
639	17293	19795	18593	42.64
640	17326	19848	18635	42.6
641	17348	19900	18678	42.57
642	17369	19957	18720	42.53
643	17390	20016	18763	42.5
644	17411	20074	18806	42.46
645	17431	20132	18848	42.43
646	17452	20191	18890	42.39
647	17472	20250	18933	42.35
648	17491	20312	18975	42.32
649	17511	20372	19017	42.28
650	17530	20433	19060	NA
