depth	min95%	max95%	best	accrate
90	-116	85	43	3.44
91	-108	87	46	3.44
92	-101	89	50	3.45
93	-94	91	53	3.46
94	-87	94	56	3.47
95	-79	97	60	3.49
96	-72	99	63	3.51
97	-65	101	67	3.53
98	-58	104	70	3.55
99	-50	107	74	3.58
100	-43	109	78	3.62
101	-36	112	81	3.65
102	-28	115	85	3.69
103	-19	118	89	3.73
104	-12	120	92	3.78
105	-6	123	96	3.83
106	1	126	100	3.88
107	8	130	104	3.93
108	16	133	108	3.99
109	22	136	112	4.05
110	29	140	116	4.12
111	37	144	120	4.19
112	45	147	124	4.26
113	53	151	128	4.33
114	61	156	133	4.41
115	69	161	137	4.49
116	76	165	142	4.58
117	84	171	146	4.67
118	92	177	151	4.76
119	100	184	156	4.85
120	108	189	160	4.95
121	117	195	165	5.05
122	124	202	170	5.15
123	133	209	176	5.26
124	142	216	181	5.37
125	150	223	186	5.48
126	157	230	192	5.6
127	165	239	197	5.72
128	173	247	203	5.84
129	180	255	209	5.97
130	187	264	215	6.1
131	194	273	221	6.23
132	199	283	227	6.37
133	205	294	234	6.5
134	211	306	240	6.64
135	219	318	247	6.78
136	224	326	253	6.92
137	230	338	260	7.06
138	235	350	267	7.21
139	241	362	275	7.35
140	247	375	282	7.5
141	253	387	289	7.65
142	258	400	297	7.81
143	264	411	305	7.96
144	271	423	313	8.12
145	277	436	321	8.28
146	283	448	329	8.44
147	290	461	338	8.6
148	296	475	346	8.76
149	303	488	355	8.93
150	310	502	364	9.1
151	318	516	373	9.27
152	325	530	382	9.44
153	332	544	392	9.62
154	340	560	401	9.79
155	348	575	411	9.97
156	356	590	421	10.15
157	364	606	431	10.33
158	373	622	442	10.51
159	381	638	452	10.7
160	389	655	463	10.89
161	398	673	474	11.08
162	407	691	485	11.27
163	416	709	496	11.46
164	425	727	508	11.65
165	435	746	519	11.85
166	445	764	531	12.05
167	455	783	543	12.25
168	465	802	555	12.45
169	476	821	568	12.66
170	487	840	581	12.86
171	498	860	593	13.07
172	509	880	606	13.28
173	520	900	620	13.5
174	532	920	633	13.71
175	543	941	647	13.93
176	555	962	661	14.14
177	567	983	675	14.36
178	580	1004	689	14.59
179	592	1026	704	14.81
180	605	1048	719	15.03
181	617	1070	734	15.26
182	631	1092	749	15.49
183	644	1115	765	15.72
184	658	1138	780	15.96
185	672	1161	796	16.19
186	686	1184	812	16.43
187	700	1208	829	16.67
188	715	1232	846	16.91
189	730	1256	862	17.15
190	746	1280	880	17.4
191	761	1304	897	17.64
192	777	1329	915	17.89
193	793	1354	933	18.14
194	810	1379	951	18.39
195	826	1405	969	18.65
196	843	1430	988	18.9
197	860	1456	1007	19.16
198	878	1482	1026	19.42
199	895	1509	1045	19.68
200	913	1535	1065	19.95
201	932	1562	1085	20.21
202	950	1589	1105	20.48
203	968	1617	1126	20.75
204	987	1644	1146	21.02
205	1006	1672	1167	21.3
206	1025	1700	1189	21.57
207	1045	1728	1210	21.85
208	1066	1756	1232	22.13
209	1086	1784	1254	22.41
210	1107	1813	1277	22.69
211	1128	1842	1299	22.98
212	1150	1871	1322	23.27
213	1172	1900	1345	23.55
214	1194	1929	1369	23.84
215	1217	1959	1393	24.14
216	1239	1989	1417	24.43
217	1262	2019	1441	24.73
218	1286	2050	1466	25.03
219	1310	2081	1491	25.33
220	1333	2111	1517	25.63
221	1358	2143	1542	25.93
222	1381	2174	1568	26.24
223	1403	2206	1594	26.55
224	1428	2237	1621	26.86
225	1454	2270	1648	27.17
226	1479	2302	1675	27.48
227	1505	2334	1702	27.8
228	1532	2367	1730	28.12
229	1558	2400	1758	28.44
230	1585	2433	1787	28.76
231	1613	2467	1815	29.08
232	1640	2501	1845	29.4
233	1669	2534	1874	29.73
234	1699	2569	1904	30.06
235	1727	2603	1934	30.39
236	1756	2638	1964	30.72
237	1785	2672	1995	31.06
238	1810	2708	2026	31.4
239	1840	2743	2057	31.73
240	1868	2778	2089	32.08
241	1896	2814	2121	32.42
242	1926	2850	2154	32.76
243	1958	2886	2186	33.11
244	1990	2923	2219	33.46
245	2021	2959	2253	33.81
246	2050	2996	2287	34.16
247	2081	3033	2321	34.51
248	2114	3070	2355	34.87
249	2146	3108	2390	35.23
250	2178	3146	2425	35.58
251	2213	3184	2461	35.94
252	2249	3222	2497	36.29
253	2285	3260	2533	36.64
254	2319	3299	2570	36.98
255	2351	3338	2607	37.32
256	2384	3377	2644	37.66
257	2420	3416	2682	37.99
258	2456	3456	2720	38.32
259	2491	3495	2758	38.64
260	2525	3535	2797	38.96
261	2559	3574	2836	39.28
262	2594	3614	2875	39.59
263	2628	3654	2915	39.9
264	2662	3694	2955	40.2
265	2697	3735	2995	40.51
266	2734	3775	3035	40.8
267	2771	3816	3076	41.09
268	2808	3857	3117	41.38
269	2846	3898	3159	41.67
270	2886	3940	3200	41.95
271	2922	3981	3242	42.22
272	2958	4023	3284	42.5
273	2995	4065	3327	42.77
274	3032	4107	3370	43.03
275	3069	4149	3413	43.29
276	3107	4191	3456	43.55
277	3144	4234	3500	43.8
278	3182	4276	3543	44.05
279	3220	4319	3587	44.3
280	3259	4362	3632	44.54
281	3297	4405	3676	44.77
282	3336	4448	3721	45.01
283	3375	4492	3766	45.24
284	3415	4535	3811	45.46
285	3455	4578	3857	45.68
286	3496	4620	3902	45.9
287	3538	4663	3948	46.11
288	3579	4708	3994	46.32
289	3621	4753	4041	46.53
290	3663	4798	4087	46.73
291	3706	4843	4134	46.93
292	3748	4888	4181	47.12
293	3791	4933	4228	47.31
294	3834	4978	4275	47.5
295	3877	5023	4323	47.68
296	3920	5068	4371	47.86
297	3964	5113	4418	48.03
298	4007	5159	4466	48.2
299	4051	5204	4515	48.36
300	4095	5250	4563	48.53
301	4139	5296	4611	48.68
302	4183	5342	4660	48.84
303	4228	5388	4709	48.99
304	4272	5434	4758	49.14
305	4317	5480	4807	49.28
306	4362	5526	4856	49.42
307	4406	5572	4906	49.55
308	4450	5619	4955	49.68
309	4495	5665	5005	49.81
310	4539	5712	5055	49.93
311	4583	5758	5105	50.05
312	4628	5804	5155	50.16
313	4673	5851	5205	50.27
314	4717	5894	5255	50.38
315	4762	5941	5306	50.48
316	4807	5987	5356	50.58
317	4851	6034	5407	50.68
318	4895	6081	5457	50.77
319	4939	6129	5508	50.85
320	4982	6176	5559	50.94
321	5026	6224	5610	51.01
322	5070	6271	5661	51.09
323	5115	6319	5712	51.16
324	5159	6366	5763	51.23
325	5203	6413	5814	51.29
326	5248	6460	5866	51.35
327	5293	6507	5917	51.41
328	5337	6554	5968	51.46
329	5382	6602	6020	51.5
330	5427	6649	6071	51.55
331	5472	6696	6123	51.59
332	5517	6743	6175	51.62
333	5562	6790	6226	51.65
334	5607	6837	6278	51.68
335	5652	6884	6330	51.7
336	5697	6931	6381	51.72
337	5743	6978	6433	51.74
338	5791	7025	6485	51.75
339	5840	7072	6536	51.76
340	5888	7120	6588	51.76
341	5936	7168	6640	51.76
342	5985	7216	6692	51.76
343	6033	7265	6744	51.75
344	6081	7310	6795	51.74
345	6130	7354	6847	51.72
346	6178	7401	6899	51.7
347	6227	7448	6950	51.68
348	6275	7496	7002	51.65
349	6324	7544	7054	51.62
350	6372	7592	7105	51.58
351	6421	7639	7157	51.54
352	6469	7685	7209	51.5
353	6514	7732	7260	51.45
354	6559	7778	7311	51.4
355	6604	7824	7363	51.35
356	6649	7871	7414	51.29
357	6694	7918	7465	51.22
358	6739	7964	7517	51.16
359	6784	8011	7568	51.08
360	6829	8057	7619	51.01
361	6874	8104	7670	50.93
362	6919	8150	7721	50.85
363	6964	8197	7772	50.76
364	7009	8243	7823	50.67
365	7054	8289	7873	50.57
366	7099	8334	7924	50.47
367	7144	8379	7974	50.37
368	7189	8424	8025	50.27
369	7234	8469	8075	50.15
370	7280	8514	8125	50.04
371	7327	8559	8175	49.92
372	7374	8603	8225	49.8
373	7420	8647	8275	49.67
374	7467	8692	8324	49.54
375	7514	8736	8374	49.41
376	7561	8779	8423	49.27
377	7607	8823	8473	49.13
378	7654	8867	8522	48.98
379	7700	8912	8571	48.83
380	7746	8956	8620	48.67
381	7792	9002	8668	48.52
382	7839	9048	8717	48.35
383	7885	9094	8765	48.19
384	7930	9140	8813	48.02
385	7976	9184	8861	47.84
386	8020	9228	8909	47.67
387	8064	9271	8957	47.48
388	8108	9312	9004	47.3
389	8152	9354	9052	47.11
390	8196	9395	9099	46.91
391	8240	9439	9146	46.72
392	8284	9481	9192	46.51
393	8327	9523	9239	46.31
394	8371	9567	9285	46.1
395	8414	9609	9331	45.88
396	8458	9653	9377	45.67
397	8501	9700	9423	45.45
398	8544	9742	9468	45.22
399	8587	9785	9514	44.99
400	8630	9823	9558	44.76
401	8672	9864	9603	44.53
402	8715	9906	9648	44.3
403	8757	9950	9692	44.07
404	8799	9995	9736	43.84
405	8841	10038	9780	43.62
406	8883	10080	9824	43.4
407	8925	10124	9867	43.18
408	8966	10170	9910	42.96
409	9008	10212	9953	42.74
410	9049	10254	9996	42.53
411	9091	10298	10038	42.31
412	9132	10342	10081	42.1
413	9173	10387	10123	41.89
414	9214	10433	10165	41.68
415	9254	10478	10206	41.48
416	9295	10523	10248	41.28
417	9335	10567	10289	41.07
418	9376	10610	10330	40.87
419	9416	10655	10371	40.68
420	9456	10701	10412	40.48
421	9496	10746	10452	40.28
422	9536	10789	10493	40.09
423	9576	10833	10533	39.9
424	9616	10876	10573	39.71
425	9657	10919	10612	39.53
426	9697	10959	10652	39.34
427	9738	11000	10691	39.16
428	9779	11043	10730	38.98
429	9819	11086	10769	38.8
430	9859	11130	10808	38.62
431	9899	11173	10847	38.44
432	9940	11215	10885	38.27
433	9980	11257	10923	38.1
434	10019	11298	10961	37.93
435	10059	11339	10999	37.76
436	10099	11380	11037	37.59
437	10138	11420	11075	37.43
438	10178	11460	11112	37.26
439	10217	11501	11149	37.1
440	10257	11541	11187	36.94
441	10296	11583	11223	36.78
442	10335	11625	11260	36.63
443	10374	11667	11297	36.48
444	10413	11705	11333	36.32
445	10452	11746	11370	36.17
446	10491	11786	11406	36.03
447	10529	11828	11442	35.88
448	10568	11869	11478	35.73
449	10606	11910	11513	35.59
450	10645	11951	11549	35.45
451	10683	11992	11585	35.31
452	10721	12033	11620	35.18
453	10759	12073	11655	35.04
454	10797	12113	11690	34.91
455	10835	12152	11725	34.78
456	10873	12191	11760	34.65
457	10911	12229	11794	34.52
458	10947	12267	11829	34.39
459	10982	12306	11863	34.27
460	11017	12345	11898	34.15
461	11053	12384	11932	34.03
462	11091	12424	11966	33.91
463	11130	12461	12000	33.79
464	11168	12501	12033	33.68
465	11206	12538	12067	33.56
466	11244	12575	12101	33.45
467	11282	12612	12134	33.34
468	11319	12648	12167	33.24
469	11356	12685	12201	33.13
470	11393	12721	12234	33.03
471	11430	12758	12267	32.92
472	11469	12796	12300	32.82
473	11506	12833	12333	32.73
474	11540	12870	12365	32.63
475	11574	12906	12398	32.54
476	11610	12948	12430	32.44
477	11646	12991	12463	32.35
478	11682	13032	12495	32.26
479	11717	13069	12528	32.18
480	11753	13105	12560	32.09
481	11788	13141	12592	32.01
482	11824	13176	12624	31.93
483	11859	13211	12656	31.85
484	11891	13245	12688	31.77
485	11923	13280	12719	31.69
486	11955	13314	12751	31.62
487	11987	13349	12783	31.55
488	12018	13385	12814	31.48
489	12050	13422	12846	31.41
490	12082	13458	12877	31.34
491	12114	13493	12908	31.28
492	12147	13527	12940	31.21
493	12182	13560	12971	31.15
494	12216	13594	13002	31.09
495	12251	13627	13033	31.04
496	12285	13660	13064	30.98
497	12320	13693	13095	30.93
498	12354	13726	13126	30.88
499	12389	13759	13157	30.83
500	12423	13794	13188	30.78
501	12457	13828	13219	30.73
502	12491	13862	13249	30.68
503	12527	13897	13280	30.64
504	12563	13931	13311	30.59
505	12598	13965	13341	30.54
506	12634	13999	13372	30.5
507	12670	14034	13402	30.45
508	12705	14069	13433	30.41
509	12740	14104	13463	30.36
510	12773	14138	13494	30.32
511	12806	14173	13524	30.27
512	12838	14207	13554	30.23
513	12871	14242	13584	30.18
514	12904	14276	13615	30.14
515	12936	14311	13645	30.1
516	12969	14347	13675	30.05
517	13001	14384	13705	30.01
518	13033	14419	13735	29.97
519	13066	14454	13765	29.93
520	13098	14489	13795	29.88
521	13130	14525	13825	29.84
522	13162	14562	13854	29.8
523	13194	14596	13884	29.76
524	13226	14627	13914	29.72
525	13258	14661	13944	29.68
526	13290	14695	13973	29.64
527	13321	14729	14003	29.6
528	13353	14760	14033	29.56
529	13384	14791	14062	29.52
530	13416	14822	14092	29.49
531	13447	14853	14121	29.45
532	13479	14884	14151	29.41
533	13510	14914	14180	29.37
534	13541	14947	14209	29.34
535	13572	14980	14239	29.3
536	13604	15013	14268	29.26
537	13635	15048	14297	29.23
538	13669	15084	14327	29.19
539	13697	15120	14356	29.15
540	13727	15156	14385	29.12
541	13758	15192	14414	29.08
542	13788	15228	14443	29.05
543	13819	15264	14472	29.02
544	13849	15300	14501	28.98
545	13879	15336	14530	28.95
546	13910	15370	14559	28.91
547	13940	15403	14588	28.88
548	13971	15436	14617	28.85
549	14001	15470	14646	28.82
550	14032	15503	14675	28.78
551	14062	15536	14703	28.75
552	14093	15569	14732	28.72
553	14123	15602	14761	28.69
554	14154	15635	14790	28.66
555	14183	15668	14818	28.63
556	14212	15701	14847	28.6
557	14239	15734	14875	28.57
558	14267	15767	14904	28.54
559	14301	15800	14933	28.51
560	14331	15833	14961	28.48
561	14361	15865	14990	28.45
562	14390	15898	15018	28.43
563	14420	15931	15046	28.4
564	14449	15963	15075	28.37
565	14474	15996	15103	28.34
566	14502	16028	15132	28.32
567	14532	16062	15160	28.29
568	14563	16095	15188	28.26
569	14592	16129	15216	28.24
570	14619	16163	15245	28.21
571	14643	16197	15273	28.19
572	14673	16231	15301	28.16
573	14708	16265	15329	28.14
574	14741	16299	15357	28.11
575	14767	16332	15385	28.09
576	14793	16366	15414	28.06
577	14819	16400	15442	28.04
578	14846	16433	15470	28.02
579	14882	16467	15498	27.99
580	14909	16501	15526	27.97
581	14935	16536	15554	27.95
582	14960	16570	15582	27.93
583	14985	16604	15609	27.91
584	15012	16638	15637	27.89
585	15040	16672	15665	27.86
586	15065	16706	15693	27.84
587	15093	16740	15721	27.82
588	15121	16775	15749	27.8
589	15150	16809	15777	27.78
590	15182	16843	15804	27.77
591	15214	16877	15832	27.75
592	15247	16911	15860	27.73
593	15275	16942	15888	27.71
594	15301	16973	15915	27.69
595	15326	17004	15943	27.67
596	15351	17035	15971	27.66
597	15377	17066	15998	27.64
598	15406	17097	16026	27.62
599	15437	17128	16054	27.61
600	15464	17160	16081	27.59
601	15491	17192	16109	27.57
602	15520	17225	16136	27.56
603	15552	17259	16164	27.54
604	15584	17292	16192	27.53
605	15616	17325	16219	27.52
606	15649	17358	16247	27.5
607	15681	17391	16274	27.49
608	15709	17424	16302	27.47
609	15734	17457	16329	27.46
610	15759	17490	16356	27.45
611	15788	17523	16384	27.44
612	15814	17556	16411	27.42
613	15840	17589	16439	27.41
614	15865	17621	16466	27.4
615	15891	17654	16494	27.39
616	15919	17687	16521	27.38
617	15948	17718	16548	27.37
618	15975	17750	16576	27.36
619	16001	17781	16603	27.35
620	16029	17812	16630	27.34
621	16057	17843	16658	27.33
622	16086	17874	16685	27.32
623	16115	17907	16712	27.31
624	16145	17940	16740	27.3
625	16174	17972	16767	27.29
626	16203	18005	16794	27.29
627	16227	18037	16822	27.28
628	16254	18070	16849	27.27
629	16282	18103	16876	27.26
630	16311	18135	16903	27.26
631	16339	18168	16931	27.25
632	16370	18200	16958	27.25
633	16399	18233	16985	27.24
634	16424	18265	17012	27.24
635	16450	18298	17040	27.23
636	16475	18330	17067	27.23
637	16500	18363	17094	27.22
638	16526	18395	17121	27.22
639	16551	18428	17149	27.21
640	16576	18460	17176	27.21
641	16600	18493	17203	27.21
642	16625	18524	17230	27.21
643	16649	18555	17257	27.2
644	16674	18585	17285	27.2
645	16699	18616	17312	27.2
646	16723	18646	17339	27.2
647	16747	18678	17366	27.2
648	16772	18710	17393	27.2
649	16797	18742	17421	27.2
650	16822	18775	17448	NA
